Testing Ford-Johnson Performance
=================================

Testing with 10 elements:
Before: 472 5657 8266 2343 4955 9219 1017 4661 2698 4583
After:  472 1017 2343 2698 4583 4661 4955 5657 8266 9219
Time to process a range of 10 elements with std::vector : 66 us
Time to process a range of 10 elements with std::deque  : 69 us

Testing with 50 elements:
Before: 2893 5803 4647 6017 1852 5245 154 2784 602 4436 8675 8907 4274 9427 2111 8372 4273 782 6388 5277 6849 7294 9330 3887 723 13 8915 3239 4582 9266 8901 6316 2124 7751 8604 3394 3512 1303 5019 2142 9174 5992 2669 9560 6554 6212 6292 3346 7276 3906
After:  13 154 602 723 782 1303 1852 2111 2124 2142 2669 2784 2893 3239 3346 3394 3512 3887 3906 4273 4274 4436 4582 4647 5019 5245 5277 5803 5992 6017 6212 6292 6316 6388 6554 6849 7276 7294 7751 8372 8604 8675 8901 8907 8915 9174 9266 9330 9427 9560
Time to process a range of 50 elements with std::vector : 294 us
Time to process a range of 50 elements with std::deque  : 391 us

Testing with 100 elements:
Before: 4066 8812 6028 8144 6314 3940 3581 1512 2220 2746 2588 5850 837 5206 1797 9970 8054 2712 3781 2058 3 9951 2848 6488 2654 3623 4394 3348 7309 6652 2155 5045 6832 428 7654 7313 9044 7312 3678 2729 4700 1208 598 3335 2685 110 6362 4569 6161 4236 1773 389 9512 6342 7729 7871 8285 477 6120 5993 3033 4661 6137 5953 981 4949 5291 3299 5664 1311 7958 5338 6324 4506 767 6000 4052 5357 2407 498 9136 8826 974 4415 731 1995 9617 6891 7852 2597 8140 9942 4127 9539 729 4748 1092 1085 8709 6171
After:  3 110 389 428 477 498 598 729 731 767 837 974 981 1085 1092 1208 1311 1512 1773 1797 1995 2058 2155 2220 2407 2588 2597 2654 2685 2712 2729 2746 2848 3033 3299 3335 3348 3581 3623 3678 3781 3940 4052 4066 4127 4236 4394 4415 4506 4569 4661 4700 4748 4949 5045 5206 5291 5338 5357 5664 5850 5953 5993 6000 6028 6120 6137 6161 6171 6314 6324 6342 6362 6488 6652 6832 6891 7309 7312 7313 7654 7729 7852 7871 7958 8054 8140 8144 8285 8709 8812 8826 9044 9136 9512 9539 9617 9942 9951 9970
Time to process a range of 100 elements with std::vector : 615 us
Time to process a range of 100 elements with std::deque  : 770 us

Testing with 500 elements:
Before: 6667 1720 3914 6935 9913 7318 3589 5412 7278 1220 1724 9875 8364 4836 1748 256 2808 9870 9883 7869 8995 7181 9039 1721 9749 2390 7524 5782 8389 8667 4826 9214 5599 2024 9089 9062 7325 6637 2089 7255 4833 8373 8862 8410 6210 9449 3143 8156 4589 8266 1554 9792 4865 592 3673 9051 6582 9317 7679 4801 1411 1337 6929 9529 2421 7402 5400 5788 8676 1150 3107 1883 6014 5155 9016 7650 159 339 1128 8984 9903 8576 6564 4361 5420 566 856 6845 8016 8474 1227 9691 9775 6155 8829 3928 6779 1221 5531 4029 5444 8393 8281 8681 9423 5292 5375 786 3348 1306 5103 1300 7848 8969 8500 6869 6033 25 7426 3490 2028 807 5208 5516 5218 2765 4552 3572 2724 7736 8118 8353 9807 2317 3363 2687 9915 9364 5521 9157 6608 4145 2642 8937 927 4778 7759 2285 7317 6729 5735 815 1085 9918 1260 8571 8139 2437 2301 8005 2205 860 7634 3032 4541 6537 4271 3386 8637 6199 8569 3016 5357 6223 4523 7563 2200 2121 7740 5499 5713 738 1852 8593 8668 1742 4350 8732 6848 4756 8277 3732 2987 9791 1665 2441 530 50 6645 7253 6976 8317 9076 1234 3891 7170 2288 7961 9391 849 9629 5250 5526 2354 9717 9574 9506 5573 3777 4113 202 2391 5549 2313 4748 6941 3843 6784 2688 7343 5217 2103 6053 7734 7365 9595 9874 3849 563 3974 9959 2925 5972 1925 757 633 5672 4376 1245 4648 8833 9201 3064 5399 2207 1459 5924 9976 7361 4563 9517 1348 7889 2530 9142 5229 300 2144 4056 3455 9845 5196 9856 9554 9927 5038 8620 1678 6253 8872 6994 2884 3473 4428 7858 1580 8528 6566 5222 9536 7934 3958 7373 6005 8487 6056 5092 8828 9902 648 5916 1990 7606 8988 7776 2801 9840 107 9881 5940 6650 2447 2240 4622 2603 8286 3874 392 7199 5022 8190 5652 8900 8250 1339 2162 477 3751 811 158 2206 3450 2593 3242 4364 1712 2371 640 1271 2135 1894 1126 3895 9834 808 9275 805 619 7163 3047 407 1015 5193 7348 585 5031 6398 5957 1104 6811 5758 6239 6246 8729 8056 1192 9983 2404 3987 4954 5493 8940 2142 2959 2797 6947 4260 1480 6462 6511 7839 7098 7959 741 2163 5018 4069 7371 3458 9211 600 4703 4125 7335 2069 8848 9616 4961 5645 173 6783 8101 7339 1091 2995 7577 6302 6758 1986 658 448 1173 6260 8261 7636 5598 5650 1244 231 4192 8696 9244 660 1825 7569 9342 6717 9347 4006 1376 9541 5402 2928 7173 1744 2134 7326 1450 4472 5123 8157 3840 5960 8115 9092 8767 3830 4148 9731 6937 1215 9024 8282 5988 5340 2829 4302 1575 1461 3730 6833 8513 8629 2843 1949 2665 5512 1492 6193 6173 2022 3940 4736 9049 2158 2268 4614 8421 520 4786 7247 5739 5532 162 5461 6705 4834 8054 8014 8548 5206 4992 4891 6713 8305 5069 4514 3195 7547 7957
After:  25 50 107 158 159 162 173 202 231 256 300 339 392 407 448 477 520 530 563 566 585 592 600 619 633 640 648 658 660 738 741 757 786 805 807 808 811 815 849 856 860 927 1015 1085 1091 1104 1126 1128 1150 1173 1192 1215 1220 1221 1227 1234 1244 1245 1260 1271 1300 1306 1337 1339 1348 1376 1411 1450 1459 1461 1480 1492 1554 1575 1580 1665 1678 1712 1720 1721 1724 1742 1744 1748 1825 1852 1883 1894 1925 1949 1986 1990 2022 2024 2028 2069 2089 2103 2121 2134 2135 2142 2144 2158 2162 2163 2200 2205 2206 2207 2240 2268 2285 2288 2301 2313 2317 2354 2371 2390 2391 2404 2421 2437 2441 2447 2530 2593 2603 2642 2665 2687 2688 2724 2765 2797 2801 2808 2829 2843 2884 2925 2928 2959 2987 2995 3016 3032 3047 3064 3107 3143 3195 3242 3348 3363 3386 3450 3455 3458 3473 3490 3572 3589 3673 3730 3732 3751 3777 3830 3840 3843 3849 3874 3891 3895 3914 3928 3940 3958 3974 3987 4006 4029 4056 4069 4113 4125 4145 4148 4192 4260 4271 4302 4350 4361 4364 4376 4428 4472 4514 4523 4541 4552 4563 4589 4614 4622 4648 4703 4736 4748 4756 4778 4786 4801 4826 4833 4834 4836 4865 4891 4954 4961 4992 5018 5022 5031 5038 5069 5092 5103 5123 5155 5193 5196 5206 5208 5217 5218 5222 5229 5250 5292 5340 5357 5375 5399 5400 5402 5412 5420 5444 5461 5493 5499 5512 5516 5521 5526 5531 5532 5549 5573 5598 5599 5645 5650 5652 5672 5713 5735 5739 5758 5782 5788 5916 5924 5940 5957 5960 5972 5988 6005 6014 6033 6053 6056 6155 6173 6193 6199 6210 6223 6239 6246 6253 6260 6302 6398 6462 6511 6537 6564 6566 6582 6608 6637 6645 6650 6667 6705 6713 6717 6729 6758 6779 6783 6784 6811 6833 6845 6848 6869 6929 6935 6937 6941 6947 6976 6994 7098 7163 7170 7173 7181 7199 7247 7253 7255 7278 7317 7318 7325 7326 7335 7339 7343 7348 7361 7365 7371 7373 7402 7426 7524 7547 7563 7569 7577 7606 7634 7636 7650 7679 7734 7736 7740 7759 7776 7839 7848 7858 7869 7889 7934 7957 7959 7961 8005 8014 8016 8054 8056 8101 8115 8118 8139 8156 8157 8190 8250 8261 8266 8277 8281 8282 8286 8305 8317 8353 8364 8373 8389 8393 8410 8421 8474 8487 8500 8513 8528 8548 8569 8571 8576 8593 8620 8629 8637 8667 8668 8676 8681 8696 8729 8732 8767 8828 8829 8833 8848 8862 8872 8900 8937 8940 8969 8984 8988 8995 9016 9024 9039 9049 9051 9062 9076 9089 9092 9142 9157 9201 9211 9214 9244 9275 9317 9342 9347 9364 9391 9423 9449 9506 9517 9529 9536 9541 9554 9574 9595 9616 9629 9691 9717 9731 9749 9775 9791 9792 9807 9834 9840 9845 9856 9870 9874 9875 9881 9883 9902 9903 9913 9915 9918 9927 9959 9976 9983
Time to process a range of 500 elements with std::vector : 4913 us
Time to process a range of 500 elements with std::deque  : 6148 us

Testing with 1000 elements:
Before: 9873 9456 5970 2937 3462 8395 4228 8727 4218 7587 9292 3875 5055 6531 7141 6919 5149 365 843 187 8252 4430 3403 2478 6498 2695 916 7100 5311 4531 9033 8731 9227 5399 3772 2354 3168 8168 4342 3657 8212 6034 3073 8448 8016 4809 9489 1271 9574 2229 3500 1284 6280 8241 7983 7926 9203 6805 6025 6418 1990 5177 8068 6161 9309 7623 6428 865 6751 183 8372 4132 7423 2758 5070 973 3172 3997 4115 3661 6211 4639 5110 2129 2166 7292 6940 6197 2611 9427 3225 2471 6005 7106 7048 3050 9211 7120 1108 4471 2725 7940 5825 8845 2985 8652 9092 2034 4756 7311 2120 5425 5606 9782 680 6780 7730 1455 281 2333 188 5810 5422 5780 7000 8397 1579 5789 4826 5401 52 7823 4597 3478 561 9640 7018 5849 9078 5303 9807 8297 147 6783 726 9947 9053 7742 1469 7778 6024 4674 8325 647 6206 5991 390 8887 662 3619 9506 6945 3200 587 8134 9013 3671 2568 1149 8332 8569 8513 9927 9584 4551 9437 7347 1202 3269 568 8627 9845 5185 963 7190 6262 6900 2718 6045 6217 6242 3818 7996 9105 2698 6160 3995 6674 1574 1210 1562 4092 6749 4927 5532 3463 5241 2962 8603 109 9988 3908 1305 449 4556 1255 9804 2564 5611 8012 8882 9191 7475 9338 1394 7904 2208 5969 5467 3097 7368 496 3515 6294 7140 7637 304 5450 2111 985 4594 2876 3727 2483 9965 9715 8331 9752 560 6318 1225 7446 2917 5830 7939 6454 5301 5756 1596 5971 4272 592 6867 6328 2764 8658 5251 2868 1401 9921 735 5292 6755 2801 3690 6081 9129 3089 4757 4801 5651 334 7843 6536 6947 6579 7810 4035 4678 8515 8067 2131 8675 9850 9901 8694 3925 4334 6561 6910 4695 6857 2237 8436 3884 1049 908 4763 3305 9001 6826 3060 292 6993 3536 2293 6145 1593 8508 3854 5879 5308 198 5572 2924 1541 7501 4264 5447 286 6254 5732 3345 5175 4560 8361 3368 1027 2747 1263 7546 7068 5845 7215 1495 4372 1082 3857 1328 7660 8423 3891 7164 5773 1419 3040 145 7335 7849 6594 3962 9115 3436 5058 7254 3867 4259 7638 5983 1414 1854 4070 1145 4373 4331 82 9268 7994 7051 8366 4344 1026 4093 4107 844 4051 7361 8823 6189 9453 4292 8101 521 2242 9810 9670 4480 8784 164 1948 596 4129 373 500 104 3049 9232 4632 1718 9224 1117 431 3931 9334 5111 5740 887 3499 958 9154 490 3000 4470 9855 7360 6293 9554 8040 2679 556 8533 7786 9128 1448 9184 9012 1195 6401 770 3372 7647 2692 9495 4412 4994 3881 5116 2525 6809 2767 1435 6198 9882 8278 4375 1607 8959 48 3197 721 9020 9387 1566 3348 1768 6944 3898 1544 8716 7241 8334 2729 9402 8846 3152 7147 6344 2198 119 438 5992 8416 1876 9507 9138 2651 2188 3026 5689 7436 2422 4316 112 3166 1809 8864 7522 5490 9008 6693 3343 2783 5078 8898 570 2778 2363 1686 9043 8832 8805 9311 2658 3847 9827 1433 4352 4006 3955 2254 4907 1655 1118 5978 5828 2711 450 5186 9787 5400 1171 5805 8685 3259 819 3444 7838 4859 7094 7856 6818 338 2553 6600 997 5997 3460 57 2534 9990 5624 3267 1439 7342 924 9680 2787 5319 1360 7407 7003 7427 5943 5347 4878 2796 8827 5456 4313 3872 1731 4332 4284 6274 7116 2078 1461 5520 1144 4804 349 8188 5931 1877 1818 8546 2059 4222 1794 6495 2829 5776 4164 1841 6876 7534 2418 2299 1006 7775 1187 5236 4875 8242 3191 6177 5435 3567 3246 5249 3649 7962 5847 3164 7261 9930 5492 7138 9170 2416 6624 2355 4998 4032 4283 9135 7695 1939 2981 7225 8135 2771 2990 5580 2269 193 6975 7991 711 3468 6429 3124 7517 6265 7643 938 7222 9390 7711 2846 5877 6121 6677 8392 640 5281 1340 6577 5923 1717 5464 2630 8831 3612 6799 7509 7471 5681 1283 6100 7947 826 377 2972 7359 6653 7255 2804 2103 3878 5189 5126 4150 6095 3688 9690 9818 4705 8370 9107 9171 622 5 6154 5587 6833 3656 1848 405 7316 2777 5487 1200 2819 3585 9915 9262 9523 7973 4566 4511 7798 1101 4661 7233 6899 9939 5129 9629 6147 1508 7077 2551 1306 6813 6390 8500 3564 3201 4246 3146 1421 2235 7403 616 6378 3943 1919 863 8113 7710 6446 3764 9771 9945 3042 8747 9248 6073 6094 7404 487 7857 1713 9828 5415 4920 4383 3115 5993 83 9421 9361 4887 3151 3430 9081 7332 9876 1008 5345 6411 5941 2902 1479 6987 9714 9025 6744 6591 4244 1497 9659 9044 9514 4285 5914 1520 3317 9786 1511 4141 2728 7290 5154 5085 1131 4694 5209 9486 7209 4540 5586 6673 7117 1262 5271 3648 1393 8442 8359 2583 7520 1366 89 9940 1153 2667 9051 1582 238 4811 1799 5613 744 8045 5300 5512 418 5525 3526 9114 8712 9411 4464 9109 34 4390 1844 7733 5897 1722 9673 1636 3899 4595 4964 3988 6175 2943 2330 3576 4515 8174 8259 5639 8781 9687 5706 5321 2933 9878 4650 3409 7217 1708 1173 874 3503 7880 3529 3046 6742 1280 3698 2909 2726 589 4477 1367 6281 9757 144 1572 4849 3675 8077 5463 7211 163 7900 800 2891 383 5616 6224 2714 1836 9925 4546 8631 5779 346 899 2105 7029 3117 1234 4537 5403 7035 8339 5760 2329 7809 2183 3947 5551 3745 514 4438 5835 1372 5638 210 5088 6518 713 1827 3331 6104 2547 1748 4156 3604 9134 6399 2949 9430 1377 2950 9696 725 6804 4776 5030 7039 8535 475 715 2736 4672 1743 1456 2664 6400 122 7155 5402 5012 4391 6326 6554 9071 8124 1895 3491 5201 5217 5047 5114 3850 4519 5498 8127 4712 5441 9296 9727 9972 7884 5064 7071 6588 8226 3708 7204 6348 9732 5496 3517 1932 2123 3594 325 8794 488 3159 9150 8343
After:  5 34 48 52 57 82 83 89 104 109 112 119 122 144 145 147 163 164 183 187 188 193 198 210 238 281 286 292 304 325 334 338 346 349 365 373 377 383 390 405 418 431 438 449 450 475 487 488 490 496 500 514 521 556 560 561 568 570 587 589 592 596 616 622 640 647 662 680 711 713 715 721 725 726 735 744 770 800 819 826 843 844 863 865 874 887 899 908 916 924 938 958 963 973 985 997 1006 1008 1026 1027 1049 1082 1101 1108 1117 1118 1131 1144 1145 1149 1153 1171 1173 1187 1195 1200 1202 1210 1225 1234 1255 1262 1263 1271 1280 1283 1284 1305 1306 1328 1340 1360 1366 1367 1372 1377 1393 1394 1401 1414 1419 1421 1433 1435 1439 1448 1455 1456 1461 1469 1479 1495 1497 1508 1511 1520 1541 1544 1562 1566 1572 1574 1579 1582 1593 1596 1607 1636 1655 1686 1708 1713 1717 1718 1722 1731 1743 1748 1768 1794 1799 1809 1818 1827 1836 1841 1844 1848 1854 1876 1877 1895 1919 1932 1939 1948 1990 2034 2059 2078 2103 2105 2111 2120 2123 2129 2131 2166 2183 2188 2198 2208 2229 2235 2237 2242 2254 2269 2293 2299 2329 2330 2333 2354 2355 2363 2416 2418 2422 2471 2478 2483 2525 2534 2547 2551 2553 2564 2568 2583 2611 2630 2651 2658 2664 2667 2679 2692 2695 2698 2711 2714 2718 2725 2726 2728 2729 2736 2747 2758 2764 2767 2771 2777 2778 2783 2787 2796 2801 2804 2819 2829 2846 2868 2876 2891 2902 2909 2917 2924 2933 2937 2943 2949 2950 2962 2972 2981 2985 2990 3000 3026 3040 3042 3046 3049 3050 3060 3073 3089 3097 3115 3117 3124 3146 3151 3152 3159 3164 3166 3168 3172 3191 3197 3200 3201 3225 3246 3259 3267 3269 3305 3317 3331 3343 3345 3348 3368 3372 3403 3409 3430 3436 3444 3460 3462 3463 3468 3478 3491 3499 3500 3503 3515 3517 3526 3529 3536 3564 3567 3576 3585 3594 3604 3612 3619 3648 3649 3656 3657 3661 3671 3675 3688 3690 3698 3708 3727 3745 3764 3772 3818 3847 3850 3854 3857 3867 3872 3875 3878 3881 3884 3891 3898 3899 3908 3925 3931 3943 3947 3955 3962 3988 3995 3997 4006 4032 4035 4051 4070 4092 4093 4107 4115 4129 4132 4141 4150 4156 4164 4218 4222 4228 4244 4246 4259 4264 4272 4283 4284 4285 4292 4313 4316 4331 4332 4334 4342 4344 4352 4372 4373 4375 4383 4390 4391 4412 4430 4438 4464 4470 4471 4477 4480 4511 4515 4519 4531 4537 4540 4546 4551 4556 4560 4566 4594 4595 4597 4632 4639 4650 4661 4672 4674 4678 4694 4695 4705 4712 4756 4757 4763 4776 4801 4804 4809 4811 4826 4849 4859 4875 4878 4887 4907 4920 4927 4964 4994 4998 5012 5030 5047 5055 5058 5064 5070 5078 5085 5088 5110 5111 5114 5116 5126 5129 5149 5154 5175 5177 5185 5186 5189 5201 5209 5217 5236 5241 5249 5251 5271 5281 5292 5300 5301 5303 5308 5311 5319 5321 5345 5347 5399 5400 5401 5402 5403 5415 5422 5425 5435 5441 5447 5450 5456 5463 5464 5467 5487 5490 5492 5496 5498 5512 5520 5525 5532 5551 5572 5580 5586 5587 5606 5611 5613 5616 5624 5638 5639 5651 5681 5689 5706 5732 5740 5756 5760 5773 5776 5779 5780 5789 5805 5810 5825 5828 5830 5835 5845 5847 5849 5877 5879 5897 5914 5923 5931 5941 5943 5969 5970 5971 5978 5983 5991 5992 5993 5997 6005 6024 6025 6034 6045 6073 6081 6094 6095 6100 6104 6121 6145 6147 6154 6160 6161 6175 6177 6189 6197 6198 6206 6211 6217 6224 6242 6254 6262 6265 6274 6280 6281 6293 6294 6318 6326 6328 6344 6348 6378 6390 6399 6400 6401 6411 6418 6428 6429 6446 6454 6495 6498 6518 6531 6536 6554 6561 6577 6579 6588 6591 6594 6600 6624 6653 6673 6674 6677 6693 6742 6744 6749 6751 6755 6780 6783 6799 6804 6805 6809 6813 6818 6826 6833 6857 6867 6876 6899 6900 6910 6919 6940 6944 6945 6947 6975 6987 6993 7000 7003 7018 7029 7035 7039 7048 7051 7068 7071 7077 7094 7100 7106 7116 7117 7120 7138 7140 7141 7147 7155 7164 7190 7204 7209 7211 7215 7217 7222 7225 7233 7241 7254 7255 7261 7290 7292 7311 7316 7332 7335 7342 7347 7359 7360 7361 7368 7403 7404 7407 7423 7427 7436 7446 7471 7475 7501 7509 7517 7520 7522 7534 7546 7587 7623 7637 7638 7643 7647 7660 7695 7710 7711 7730 7733 7742 7775 7778 7786 7798 7809 7810 7823 7838 7843 7849 7856 7857 7880 7884 7900 7904 7926 7939 7940 7947 7962 7973 7983 7991 7994 7996 8012 8016 8040 8045 8067 8068 8077 8101 8113 8124 8127 8134 8135 8168 8174 8188 8212 8226 8241 8242 8252 8259 8278 8297 8325 8331 8332 8334 8339 8343 8359 8361 8366 8370 8372 8392 8395 8397 8416 8423 8436 8442 8448 8500 8508 8513 8515 8533 8535 8546 8569 8603 8627 8631 8652 8658 8675 8685 8694 8712 8716 8727 8731 8747 8781 8784 8794 8805 8823 8827 8831 8832 8845 8846 8864 8882 8887 8898 8959 9001 9008 9012 9013 9020 9025 9033 9043 9044 9051 9053 9071 9078 9081 9092 9105 9107 9109 9114 9115 9128 9129 9134 9135 9138 9150 9154 9170 9171 9184 9191 9203 9211 9224 9227 9232 9248 9262 9268 9292 9296 9309 9311 9334 9338 9361 9387 9390 9402 9411 9421 9427 9430 9437 9453 9456 9486 9489 9495 9506 9507 9514 9523 9554 9574 9584 9629 9640 9659 9670 9673 9680 9687 9690 9696 9714 9715 9727 9732 9752 9757 9771 9782 9786 9787 9804 9807 9810 9818 9827 9828 9845 9850 9855 9873 9876 9878 9882 9901 9915 9921 9925 9927 9930 9939 9940 9945 9947 9965 9972 9988 9990
Time to process a range of 1000 elements with std::vector : 13744 us
Time to process a range of 1000 elements with std::deque  : 15978 us

Testing with 3000 elements:
Before: 3404 5278 8969 3251 4535 4217 9595 5361 8816 8420 5735 6100 2565 1973 4523 5353 798 1153 7926 242 415 638 4568 6367 3065 2845 8852 9170 7239 2915 4683 6638 9473 3278 8455 4591 7539 3116 4771 5695 561 6573 6589 7705 1243 648 5432 3520 1413 993 3129 2302 4136 8735 7680 6241 2465 4679 1209 639 7415 4044 4240 9772 5577 5731 3474 6352 9757 2585 5258 9926 7724 3092 837 18 820 3563 8576 5556 1707 2447 9698 4479 172 4801 8529 7303 857 1760 9924 6663 7310 443 5950 2208 9585 4718 5728 7638 4429 7223 6055 6138 6425 7173 6042 3528 5762 8326 5457 3553 1567 8103 1098 9655 7369 7748 4115 8214 3398 4954 4080 8855 7343 8129 732 1619 5400 2292 8115 6495 9688 8656 5033 7086 7228 6054 5264 2002 805 766 5932 3722 3715 6541 403 9482 3629 2048 6423 2346 5623 9597 7965 1186 4834 1636 8632 3706 4548 1819 1703 1793 7845 6906 2077 5127 3794 6140 182 2470 6694 9352 5928 5121 1572 1942 2267 9673 9264 5617 2653 3218 161 9619 5458 6406 5701 3482 7451 1869 3440 1278 2763 3876 5535 9514 2597 9351 4256 5951 3846 6380 2674 2660 3517 3420 3730 8859 6956 813 1026 3029 1776 7077 8713 3090 397 1368 1650 8803 961 789 7496 5914 5963 8171 3664 7267 1608 8849 4170 374 1709 1611 903 2053 6715 8064 3835 1228 5700 3423 9594 8939 4687 1711 7575 2517 1424 7655 7773 8567 5170 2153 8963 8897 7499 2114 8684 4850 103 2323 6386 7761 9466 5696 4553 5394 5367 707 9056 3845 5933 8289 9092 8207 2298 8546 8641 2648 3997 7658 7505 4457 9441 8917 4667 4048 5863 8468 3268 2154 112 5664 4053 9159 6846 9844 2444 6197 2306 4606 6888 310 7340 6237 4863 7048 105 2284 6639 1485 8490 8185 878 5040 8532 4345 6451 8712 4300 901 2142 1585 237 3973 4986 5484 424 6676 9191 6175 3939 5136 7549 1256 1501 7654 6418 9483 9408 1366 384 2864 4786 3718 7670 6554 3389 3910 9253 3519 7316 1867 5898 1900 6993 4263 6088 309 7966 7164 8098 8733 2143 8887 1901 2000 1705 9474 1080 7671 9114 4877 3067 868 7648 9283 2331 2438 5242 9786 5540 9791 4629 4832 7916 910 7581 6332 9598 5084 5414 4952 9596 9310 3518 2507 8985 9821 8293 8488 3231 740 4142 5626 6072 827 2135 9997 3145 1435 6967 4155 2260 5697 3708 9751 5132 5469 5209 3414 5151 847 9793 770 5785 4179 5564 1371 7955 9636 5740 8668 2184 2174 3346 3437 7557 9225 6247 9292 631 3377 4752 2544 953 4588 6806 6126 7166 2387 1837 4049 8060 5409 8370 9242 6250 7053 8335 7433 5234 5591 8158 2912 9461 745 7905 4101 5790 5083 478 444 1382 204 3382 977 9575 3540 1748 4480 4943 6974 2004 7092 5375 3611 5894 3362 7757 4669 6756 6245 9848 1093 1774 7206 6150 5631 8951 1881 6463 4360 1195 6564 2748 9890 6152 1472 9105 8429 7972 8797 1909 6457 2065 9427 3493 7446 2010 7115 7873 7772 3058 9611 3023 9304 7437 3096 3924 8889 2013 9886 1465 3665 5388 894 8503 9246 5485 8580 377 5467 7811 5959 1769 2700 1526 1173 2989 1868 471 4023 130 6313 3806 6637 9961 2103 9758 804 2011 8572 831 5119 1252 7927 2817 9112 8200 6293 5026 5635 8462 5129 9066 2993 1524 1525 1989 604 8927 7580 3020 9525 7598 2556 9826 8015 1164 7872 2202 7849 6333 5089 6587 6401 4722 6944 9849 3653 7516 4367 2485 1743 27 4803 7952 1750 8010 6263 2462 863 7468 7466 5566 3945 8472 2186 8460 6700 7950 418 1044 7847 3576 9038 2760 1110 5419 9718 6608 2829 1151 7491 547 7341 513 8268 3522 5984 2205 1326 3615 9641 9859 2790 9687 7304 780 6537 2047 5180 7 1670 7326 6320 2965 9355 8781 4628 1196 1301 8808 8249 8167 1530 4018 5086 6073 5764 7274 4145 4370 2973 9530 2391 1651 8687 5138 3787 1685 4029 3561 3678 6947 9816 8109 12 1731 8956 7069 4324 1365 9678 8295 7440 4938 6805 7439 8048 8128 2843 213 7182 1400 7039 6456 8502 949 3330 9266 297 289 7790 3987 5669 1248 7812 7756 6317 8900 5238 3279 5227 5642 749 269 6154 3198 1543 6989 4161 104 1013 5585 9316 6178 4110 3099 6455 9368 7795 6890 5085 1974 1172 7360 7055 185 7941 6957 9082 9067 1780 6268 8760 7640 3741 8739 545 4836 8649 7975 5167 8718 5328 9409 3530 5919 1799 1492 6765 9336 6353 5088 3442 5337 8407 1656 2178 1801 4514 2263 3226 4810 5511 7804 5214 2537 5892 4849 1002 1957 2857 2502 6116 3903 3712 2487 4763 155 1991 1568 1182 7841 9334 4219 563 9023 1523 376 5050 6391 3410 8903 4441 4767 2407 5796 3170 6373 2203 3793 1220 504 4308 9030 1718 1738 851 8428 8056 5724 7685 5048 1279 3950 1068 2539 1566 5114 2806 763 5660 5289 253 4026 6107 926 5877 7789 3432 4661 6208 7056 9887 7158 8699 1820 4376 1177 6270 2576 9123 1394 9674 643 2737 5652 8124 8196 4090 8501 8310 928 7993 725 2632 3274 248 3102 1506 9431 546 3235 7276 4936 6180 4426 3038 908 61 6498 3333 8273 1203 1299 1735 6824 8018 764 3593 7367 7851 7494 7886 9124 5658 785 1181 9267 9375 1768 1214 5244 5265 402 9707 5855 7171 8086 7998 875 8685 4147 884 6071 6307 530 5146 2558 8594 2747 6911 9769 3232 1416 8383 9726 8019 235 6812 2567 9730 2336 5720 3456 184 5439 858 2913 4892 474 2513 7785 4729 952 8380 7212 1271 8841 4225 7285 6443 5543 9841 8355 1017 3490 9554 6186 1316 8538 7755 5260 3777 1810 5454 6122 4280 6279 3673 9671 9854 2945 4977 2098 4258 7471 5016 4699 1632 7562 1459 9984 5999 7224 3795 8224 8440 1141 7783 5329 277 6396 6342 4874 6997 7016 2210 8243 9424 8137 7477 8135 3036 1018 4063 406 1097 3003 524 7103 1116 3388 4047 9197 6840 2991 6242 5431 3144 9069 1010 714 464 1987 6394 1637 6951 4746 4129 1486 1129 8723 3749 5683 4644 9161 282 675 9459 2788 6735 9203 2583 7603 8322 1389 4702 2654 7615 4927 9204 1855 3120 1979 7537 3237 5864 121 7015 1880 2067 9737 4359 8385 122 3893 7759 7550 5644 3125 453 3800 9613 7609 382 8205 2140 9173 9732 9110 9131 7962 3532 889 9329 2097 3906 2446 4183 354 5753 6310 4899 4513 9416 9000 6182 4249 2431 2631 5805 8166 4327 8442 5833 8714 232 996 5321 8686 1393 4654 6507 8264 582 7322 943 2429 9955 9328 5842 9286 6023 6305 3875 1577 7805 6982 3911 8822 2818 5657 3856 1770 8747 5106 6796 148 7701 6292 2641 5125 8542 9637 8177 2316 4073 7577 9148 3234 3043 3265 7370 3416 2691 6572 278 8692 6980 4778 9130 9347 887 83 622 3039 6095 581 3406 7770 1481 28 4759 7302 5317 2525 9633 2401 5049 5250 6538 9323 7456 9631 1602 4200 3628 2746 972 3976 1710 8894 6779 6120 2194 2469 4987 7571 7568 2145 8272 5124 9494 724 6502 1392 7455 2193 4795 6039 7763 9305 8802 8510 8950 9812 9773 5663 3421 2111 8043 4470 5661 3823 3206 7569 653 5518 9569 758 8447 1531 8792 3417 8812 1576 79 2888 9189 550 6959 9717 7695 8377 9311 9647 342 4301 1333 4824 9933 4400 597 9649 331 7260 6870 3487 5111 4424 3539 145 5255 6325 1169 6297 3191 1150 4792 7335 590 4576 624 7036 4623 9234 8675 2169 3525 8235 7492 3565 9377 1936 2669 4532 9150 3151 9940 1865 4955 1814 7786 3060 6000 807 2637 3446 9015 3961 3134 3650 1168 786 2026 2168 1675 8973 4545 9356 879 3331 9360 2702 1310 2449 2049 6496 5746 3479 6064 788 9035 4750 2540 2820 2619 8141 9819 2181 1755 5936 1363 9300 877 5430 5813 7432 6446 7226 598 3905 8861 4190 9437 1643 6350 8036 2440 5164 7485 1596 7699 1379 2873 1197 5334 4150 3168 3015 2755 5520 5776 6842 5505 6229 2435 3981 562 8944 703 1101 6744 3602 9162 19 4187 6576 3920 4206 486 3266 200 8327 2728 3734 9965 304 5340 688 5497 5364 8620 7498 8933 1642 9829 5986 5344 8368 1856 8074 3501 8536 2352 3154 2066 1704 7495 4165 2397 9493 5495 8520 7095 5563 1498 2197 1374 9219 1063 8122 2445 3041 430 4351 5182 8833 5153 4999 9846 5363 7942 3710 3046 5994 6091 8673 4886 9505 8176 3335 2568 6623 8358 8834 7308 5479 6473 2650 442 6904 6465 2420 6164 6739 1070 9790 5927 3131 7388 9629 2117 8762 7867 8651 7555 4303 7427 644 7038 8139 7378 4339 3596 1409 4157 7730 4971 1552 9180 7096 9959 5542 2286 318 7659 9857 183 9419 9172 454 6811 5570 8544 7472 9398 615 9291 476 8561 5532 375 4243 2228 9435 2698 5140 7636 5750 5383 6411 7066 2754 2094 98 3478 6594 6999 7328 4419 6817 6103 4096 3376 9557 3007 8984 6810 440 6626 8783 3562 2261 3040 5688 4319 8478 3957 2512 1021 1990 8210 2136 7124 4737 9927 8534 7546 4814 5578 9184 3942 9400 5139 5192 5398 6414 9463 2794 9795 7221 6199 4543 4192 3294 1790 3514 1475 8977 1733 7357 4990 7704 8743 3543 7142 9712 280 5243 2640 7509 4202 8311 6076 2720 5425 4045 4462 9312 7512 2167 9102 1345 5032 5667 9946 3010 5774 9285 551 4794 2490 1219 2107 1175 6420 9327 8643 320 2777 3123 9277 3428 8373 4253 5639 7506 1293 6624 1200 7249 1458 5801 9768 245 8321 5355 7005 9574 4366 5060 5200 7904 8637 3257 4559 8957 1025 7264 2277 7420 3971 3097 8121 782 2409 4295 7511 1963 113 9010 7208 9978 6181 8306 1842 6722 846 8312 9663 6158 3544 1337 193 6084 5331 9185 8704 8130 9778 9719 7810 2944 7745 4915 4455 9696 6258 506 9477 8013 3018 2351 1057 7031 679 6778 4594 8482 8325 1334 5028 6365 3516 4668 2240 9443 8949 9136 5920 2646 6413 4276 5345 9345 5408 2530 3545 4800 5491 2071 3759 7858 108 6486 4826 7298 3480 4616 1210 1343 8037 505 8076 7860 6013 5230 7883 5587 5955 941 8314 9182 1155 9979 4443 9248 9176 4942 3726 3476 2624 4098 4284 4052 2592 216 812 9037 8522 5489 1745 6935 9531 315 2811 2468 1291 6978 3219 9761 7254 1843 6856 9018 5990 9167 7880 3342 7843 10000 8107 8236 1364 6990 6936 9780 8179 3025 3899 4641 4333 1839 4969 2871 9977 8434 3725 6707 3022 4777 1806 1505 3242 2207 1932 5298 3663 1050 7176 2589 1145 462 8308 6760 999 4432 5381 1194 2384 4864 8840 7033 9902 1920 6066 1419 1272 218 6574 6239 9135 5251 1367 594 7342 7155 5817 9953 6562 7678 9759 8197 1716 1850 8789 4596 9504 1454 6816 9343 5397 401 1037 4406 7281 7771 2295 6273 1823 7910 7481 1320 1581 7967 7443 9235 7708 4154 8981 1657 7479 8565 6026 4941 9583 8470 6303 2927 4033 6934 8866 4028 1165 918 4184 3960 3850 1969 361 3152 4203 5554 9491 8835 8375 4378 2150 2533 3860 6184 6080 9834 5199 9787 1446 8906 6539 8134 2357 3366 1230 217 7944 9499 8148 8336 2046 5327 4784 1171 8771 3542 5601 352 8085 9906 3361 8329 7633 2244 7844 317 5283 5706 7165 5466 8229 5310 967 247 4312 990 2213 4817 6871 4451 6269 6665 5799 4046 126 198 9350 6301 4119 1193 2791 1019 3127 8757 4229 2837 8512 5034 9824 6843 824 5775 5263 9145 4701 4105 1300 4005 2348 998 3443 5225 9498 6977 4525 6166 7522 7896 6598 5538 8564 1246 6383 4744 5519 9693 1087 76 7379 2866 584 4076 8934 2450 5373 4117 5092 9908 8882 8915 9062 5087 2406 8284 4248 8598 5197 8118 2752 8886 8617 9711 7004 6289 6283 2524 9462 1407 8910 1548 8854 5203 713 52 5389 8691 481 5621 6590 1550 4153 7065 3133 4103 6015 9766 5633 4469 351 9480 3696 5077 1179 3498 472 6915 338 2639 3640 7827 7951 6652 7726 8192 9935 9478 2832 1324 2602 8597 9016 8405 7088 5844 4524 5069 9202 3216 9270 4304 5427 1995 4747 3367 1747 1514 3703 808 6409 9111 2625 4634 9715 4013 8905 1697 7815 6922 1234 5267 7922 2662 4735 9004 5605 6143 9299 1569 7362 4690 96 5246 398 8055 3009 4452 6839 9404 329 9879 717 514 8338 3112 5220 6627 4773 2608 8165 7263 461 5377 7629 4095 4216 9811 281 8057 5816 465 6983 80 7869 5545 1840 4598 9177 8500 3704 4567 8902 6376 3048 9952 844 5386 1661 8962 3606 8302 459 5181 4075 9109 9195 1081 6963 1857 9278 7183 3312 4393 5843 5749 1321 4829 9648 9638 8682 5105 9634 2528 1061 7863 9141 2112 1447 3638 5017 9330 2610 5944 3943 3566 5305 6098 3132 9603 5643 871 5949 9389 3526 4298 3141 2099 7237 3822 9298 7692 5488 9158 7583 591 3902 5270 7762 2761 9976 6781 1004 5666 4003 7282 3914 7628 8518 1315 5503 7409 1964 9880 7352 856 4636 8367 7140 1764 4584 8483 6902 5226 6928 1980 9214 8328 7073 6966 3739 739 7163 2609 3491 6257 917 6002 211 9279 3852 3613 7639 9982 8215 5673 7114 9080 3983 3143 577 3589 2987 787 6161 9354 6785 5148 7524 4305 5732 7548 2189 6536 7125 7449 9272 325 9743 6791 7521 1935 8916 660 2354 654 6111 7684 4658 829 7565 5958 2038 1961 6213 5861 516 9366 6886 4335 2862 8642 5768 9268 302 9881 1267 9740 4485 6863 7385 6920 6646 2986 3801 1647 2426 1331 2414 9331 1753 2892 2324 8077 2985 4917 2900 4966 6253 2359 9591 8746 1048 9429 6050 1513 5836 7890 2164 6110 8316 4853 8333 1838 8711 3972 1516 4882 5737 3254 1610 2350 2028 9593 958 5104 1921 8234 3969 8499 7313 4662 2701 9842 4430 9750 8140 9438 936 2149 25 4118 4251 8639 6746 7194 8331 2486 4189 9806 1383 5281 9527 4734 1114 3057 4067 5452 2982 3737 3761 6907 5904 7991 2199 263 6448 7923 5325 6579 5989 5656 1432 5379 3336 4058 4551 8575 5475 6651 2109 6588 1864 6387 5897 3720 7027 4435 8727 3812 595 9423 5061 3378 8397 8586 6040 2733 4569 6635 294 3422 8389 3616 4813 1754 8458 5177 7592 7758 3643 4880 7273 3334 1787 9471 6535 4571 90 4967 9152 7542 7903 7098 8298 2157 4162 78 4137 1684 2776 7156 7782 5675 8745 8983 5319 2577 4534 9281 4741 1142 8742 2096 956 7377 5690 8724 4436 5179 5942 866 2688 7862 2805 690 6527 9115 9442 6442 832 4909 3 6682 7319 6127 7396 6851 5804 6798 9925 5217 1749 8426 6381 4411 9293 4448 335 7848 3502 1529 8874 7473 4630 2398 2623 6853 3390 7026 4558 5613 4638 2275 8261 7127 5311 4677 4847 9604 2775 5841 4557 9804 4120 2032 8798 8049 6650 1795 5902 6761 1564 5502 1265 7247 8376 9800 3837 2236 7037 1391 1411 9088 1554 2878 7382 4277 3536 3353 4922 7914 8035 5117 7374 3303 9538 7945 6559 7589 6919 9055 5410 1553 346 721 2158 224 3688 6179 5742 2211 9166 9496 8481 4769 8587 3165 3631 7960 1452 9233 2880 2692 1241 9639 1028 593 4185 9053 8796 3669 5072 5569 768 5693 7619 9966 8444 2430 1399 619 7561 5003 32 4169 3209 7277 6193 2115 3854 4883 5208 1688 3345 6385 8764 815 3510 2448 9645 6661 3637 559 6174 356 2452 2725 8131 9918 9284 4417 567 5754 6461 7386 8356 4649 5756 5641 9580 8824 5625 3585 6985 8388 7337 3884 734 3826 3925 6464 9428 9151 1304 3111 4495 2649 7470 8932 8493 3790 187 2085 7906 6003 1421 1849 7617 7662 8729 5000 5462 118 4640 30 7840 6581 3773 3229 1408 9247 4212 6903 6900 9602 3409 6445 6523 6545 8557 5288 373 5710 231 6889 6748 5876 4972 4631 6194 6521 3513 7618 6041 2553 9567 1829 8888 1946 4706 2584 6378 135 9251 6220 4685 2321 6466 4283 5824 9870 521 2264 7071 4027 4087 2935 9996 1551 9543 9630 3314 6525 3176 4322 8709 8940 7338 5516 1669 2911 446 1773 5333 8239 8417 3282 6780 9670 6818 767 9113 8618 8151 2130 3315 6277 9353 2180 7902 8110 8138 2876 8912 7784 7266 2923 2288 8028 2402 4211 7202 1558 6299 2536 7984 2082 260 2009 5291 9222 4257 4492 6617 3627 7775 9143 2007 938 757 7743 7588 6058 8431 9101 2897 67 44 1218 5702 6061 1450 7054 1798 5201 8647 1959 3515 6475 5565 3138 8995 2868 6009 3680 5460 2759 4660 8387 9706 6600 4963 7113 7100 6998 5341 6543 8928 4992 4015 6908 5074 7117 2405 6841 4007 687 3439 7971 314 5080 3190 7402 3220 5292 8443 1690 6702 9218 2901 6528 92 7292 4267 3017 109 4501 9922 4908 2899 5830 7102 9223 7554 9799 7679 7091 4949 7130 2596 4873 5450 3874 9259 6090 8603 1599 9703 8357 1509 8582 986 1663 7973 7799 6690 7461 8952 1893 6819 6489 492 9213 2919 1047 9838 3557 9572 3107 1763 840 5359 6941 6892 5428 9763 771 9288 5645 9691 5384 9587 3159 2421 9032 5651 9042 2779 9534 4325 9294 8943 8545 7094 197 8113 983 5045 321 2707 8623 1804 6786 6511 8531 716 5553 2088 7225 8068 4696 4309 7749 2526 7706 6561 6777 7850 3639 5438 3180 1555 4113 1648 3286 1264 4507 4490 5640 93 3051 261 7899 1406 731 822 7988 1701 8741 9307 8106 5312 1384 5510 2325 7327
After:  3 7 12 18 19 25 27 28 30 32 44 52 61 67 76 78 79 80 83 90 92 93 96 98 103 104 105 108 109 112 113 118 121 122 126 130 135 145 148 155 161 172 182 183 184 185 187 193 197 198 200 204 211 213 216 217 218 224 231 232 235 237 242 245 247 248 253 260 261 263 269 277 278 280 281 282 289 294 297 302 304 309 310 314 315 317 318 320 321 325 329 331 335 338 342 346 351 352 354 356 361 373 374 375 376 377 382 384 397 398 401 402 403 406 415 418 424 430 440 442 443 444 446 453 454 459 461 462 464 465 471 472 474 476 478 481 486 492 504 505 506 513 514 516 521 524 530 545 546 547 550 551 559 561 562 563 567 577 581 582 584 590 591 593 594 595 597 598 604 615 619 622 624 631 638 639 643 644 648 653 654 660 675 679 687 688 690 703 707 713 714 716 717 721 724 725 731 732 734 739 740 745 749 757 758 763 764 766 767 768 770 771 780 782 785 786 787 788 789 798 804 805 807 808 812 813 815 820 822 824 827 829 831 832 837 840 844 846 847 851 856 857 858 863 866 868 871 875 877 878 879 884 887 889 894 901 903 908 910 917 918 926 928 936 938 941 943 949 952 953 956 958 961 967 972 977 983 986 990 993 996 998 999 1002 1004 1010 1013 1017 1018 1019 1021 1025 1026 1028 1037 1044 1047 1048 1050 1057 1061 1063 1068 1070 1080 1081 1087 1093 1097 1098 1101 1110 1114 1116 1129 1141 1142 1145 1150 1151 1153 1155 1164 1165 1168 1169 1171 1172 1173 1175 1177 1179 1181 1182 1186 1193 1194 1195 1196 1197 1200 1203 1209 1210 1214 1218 1219 1220 1228 1230 1234 1241 1243 1246 1248 1252 1256 1264 1265 1267 1271 1272 1278 1279 1291 1293 1299 1300 1301 1304 1310 1315 1316 1320 1321 1324 1326 1331 1333 1334 1337 1343 1345 1363 1364 1365 1366 1367 1368 1371 1374 1379 1382 1383 1384 1389 1391 1392 1393 1394 1399 1400 1406 1407 1408 1409 1411 1413 1416 1419 1421 1424 1432 1435 1446 1447 1450 1452 1454 1458 1459 1465 1472 1475 1481 1485 1486 1492 1498 1501 1505 1506 1509 1513 1514 1516 1523 1524 1525 1526 1529 1530 1531 1543 1548 1550 1551 1552 1553 1554 1555 1558 1564 1566 1567 1568 1569 1572 1576 1577 1581 1585 1596 1599 1602 1608 1610 1611 1619 1632 1636 1637 1642 1643 1647 1648 1650 1651 1656 1657 1661 1663 1669 1670 1675 1684 1685 1688 1690 1697 1701 1703 1704 1705 1707 1709 1710 1711 1716 1718 1731 1733 1735 1738 1743 1745 1747 1748 1749 1750 1753 1754 1755 1760 1763 1764 1768 1769 1770 1773 1774 1776 1780 1787 1790 1793 1795 1798 1799 1801 1804 1806 1810 1814 1819 1820 1823 1829 1837 1838 1839 1840 1842 1843 1849 1850 1855 1856 1857 1864 1865 1867 1868 1869 1880 1881 1893 1900 1901 1909 1920 1921 1932 1935 1936 1942 1946 1957 1959 1961 1963 1964 1969 1973 1974 1979 1980 1987 1989 1990 1991 1995 2000 2002 2004 2007 2009 2010 2011 2013 2026 2028 2032 2038 2046 2047 2048 2049 2053 2065 2066 2067 2071 2077 2082 2085 2088 2094 2096 2097 2098 2099 2103 2107 2109 2111 2112 2114 2115 2117 2130 2135 2136 2140 2142 2143 2145 2149 2150 2153 2154 2157 2158 2164 2167 2168 2169 2174 2178 2180 2181 2184 2186 2189 2193 2194 2197 2199 2202 2203 2205 2207 2208 2210 2211 2213 2228 2236 2240 2244 2260 2261 2263 2264 2267 2275 2277 2284 2286 2288 2292 2295 2298 2302 2306 2316 2321 2323 2324 2325 2331 2336 2346 2348 2350 2351 2352 2354 2357 2359 2384 2387 2391 2397 2398 2401 2402 2405 2406 2407 2409 2414 2420 2421 2426 2429 2430 2431 2435 2438 2440 2444 2445 2446 2447 2448 2449 2450 2452 2462 2465 2468 2469 2470 2485 2486 2487 2490 2502 2507 2512 2513 2517 2524 2525 2526 2528 2530 2533 2536 2537 2539 2540 2544 2553 2556 2558 2565 2567 2568 2576 2577 2583 2584 2585 2589 2592 2596 2597 2602 2608 2609 2610 2619 2623 2624 2625 2631 2632 2637 2639 2640 2641 2646 2648 2649 2650 2653 2654 2660 2662 2669 2674 2688 2691 2692 2698 2700 2701 2702 2707 2720 2725 2728 2733 2737 2746 2747 2748 2752 2754 2755 2759 2760 2761 2763 2775 2776 2777 2779 2788 2790 2791 2794 2805 2806 2811 2817 2818 2820 2829 2832 2837 2843 2845 2857 2862 2864 2866 2868 2871 2873 2876 2878 2880 2888 2892 2897 2899 2900 2901 2911 2912 2913 2915 2919 2923 2927 2935 2944 2945 2965 2973 2982 2985 2986 2987 2989 2991 2993 3003 3007 3009 3010 3015 3017 3018 3020 3022 3023 3025 3029 3036 3038 3039 3040 3041 3043 3046 3048 3051 3057 3058 3060 3065 3067 3090 3092 3096 3097 3099 3102 3107 3111 3112 3116 3120 3123 3125 3127 3129 3131 3132 3133 3134 3138 3141 3143 3144 3145 3151 3152 3154 3159 3165 3168 3170 3176 3180 3190 3191 3198 3206 3209 3216 3218 3219 3220 3226 3229 3231 3232 3234 3235 3237 3242 3251 3254 3257 3265 3266 3268 3274 3278 3279 3282 3286 3294 3303 3312 3314 3315 3330 3331 3333 3334 3335 3336 3342 3345 3346 3353 3361 3362 3366 3367 3376 3377 3378 3382 3388 3389 3390 3398 3404 3406 3409 3410 3414 3416 3417 3420 3421 3422 3423 3428 3432 3437 3439 3440 3442 3443 3446 3456 3474 3476 3478 3479 3480 3482 3487 3490 3491 3493 3498 3501 3502 3510 3513 3514 3515 3516 3517 3518 3519 3520 3522 3525 3526 3528 3530 3532 3536 3539 3540 3542 3543 3544 3545 3553 3557 3561 3562 3563 3565 3566 3576 3585 3589 3593 3596 3602 3606 3611 3613 3615 3616 3627 3628 3629 3631 3637 3638 3639 3640 3643 3650 3653 3663 3664 3665 3669 3673 3678 3680 3688 3696 3703 3704 3706 3708 3710 3712 3715 3718 3720 3722 3725 3726 3730 3734 3737 3739 3741 3749 3759 3761 3773 3777 3787 3790 3793 3794 3795 3800 3801 3806 3812 3822 3823 3826 3835 3837 3845 3846 3850 3852 3854 3856 3860 3874 3875 3876 3884 3893 3899 3902 3903 3905 3906 3910 3911 3914 3920 3924 3925 3939 3942 3943 3945 3950 3957 3960 3961 3969 3971 3972 3973 3976 3981 3983 3987 3997 4003 4005 4007 4013 4015 4018 4023 4026 4027 4028 4029 4033 4044 4045 4046 4047 4048 4049 4052 4053 4058 4063 4067 4073 4075 4076 4080 4087 4090 4095 4096 4098 4101 4103 4105 4110 4113 4115 4117 4118 4119 4120 4129 4136 4137 4142 4145 4147 4150 4153 4154 4155 4157 4161 4162 4165 4169 4170 4179 4183 4184 4185 4187 4189 4190 4192 4200 4202 4203 4206 4211 4212 4216 4217 4219 4225 4229 4240 4243 4248 4249 4251 4253 4256 4257 4258 4263 4267 4276 4277 4280 4283 4284 4295 4298 4300 4301 4303 4304 4305 4308 4309 4312 4319 4322 4324 4325 4327 4333 4335 4339 4345 4351 4359 4360 4366 4367 4370 4376 4378 4393 4400 4406 4411 4417 4419 4424 4426 4429 4430 4432 4435 4436 4441 4443 4448 4451 4452 4455 4457 4462 4469 4470 4479 4480 4485 4490 4492 4495 4501 4507 4513 4514 4523 4524 4525 4532 4534 4535 4543 4545 4548 4551 4553 4557 4558 4559 4567 4568 4569 4571 4576 4584 4588 4591 4594 4596 4598 4606 4616 4623 4628 4629 4630 4631 4634 4636 4638 4640 4641 4644 4649 4654 4658 4660 4661 4662 4667 4668 4669 4677 4679 4683 4685 4687 4690 4696 4699 4701 4702 4706 4718 4722 4729 4734 4735 4737 4741 4744 4746 4747 4750 4752 4759 4763 4767 4769 4771 4773 4777 4778 4784 4786 4792 4794 4795 4800 4801 4803 4810 4813 4814 4817 4824 4826 4829 4832 4834 4836 4847 4849 4850 4853 4863 4864 4873 4874 4877 4880 4882 4883 4886 4892 4899 4908 4909 4915 4917 4922 4927 4936 4938 4941 4942 4943 4949 4952 4954 4955 4963 4966 4967 4969 4971 4972 4977 4986 4987 4990 4992 4999 5000 5003 5016 5017 5026 5028 5032 5033 5034 5040 5045 5048 5049 5050 5060 5061 5069 5072 5074 5077 5080 5083 5084 5085 5086 5087 5088 5089 5092 5104 5105 5106 5111 5114 5117 5119 5121 5124 5125 5127 5129 5132 5136 5138 5139 5140 5146 5148 5151 5153 5164 5167 5170 5177 5179 5180 5181 5182 5192 5197 5199 5200 5201 5203 5208 5209 5214 5217 5220 5225 5226 5227 5230 5234 5238 5242 5243 5244 5246 5250 5251 5255 5258 5260 5263 5264 5265 5267 5270 5278 5281 5283 5288 5289 5291 5292 5298 5305 5310 5311 5312 5317 5319 5321 5325 5327 5328 5329 5331 5333 5334 5337 5340 5341 5344 5345 5353 5355 5359 5361 5363 5364 5367 5373 5375 5377 5379 5381 5383 5384 5386 5388 5389 5394 5397 5398 5400 5408 5409 5410 5414 5419 5425 5427 5428 5430 5431 5432 5438 5439 5450 5452 5454 5457 5458 5460 5462 5466 5467 5469 5475 5479 5484 5485 5488 5489 5491 5495 5497 5502 5503 5505 5510 5511 5516 5518 5519 5520 5532 5535 5538 5540 5542 5543 5545 5553 5554 5556 5563 5564 5565 5566 5569 5570 5577 5578 5585 5587 5591 5601 5605 5613 5617 5621 5623 5625 5626 5631 5633 5635 5639 5640 5641 5642 5643 5644 5645 5651 5652 5656 5657 5658 5660 5661 5663 5664 5666 5667 5669 5673 5675 5683 5688 5690 5693 5695 5696 5697 5700 5701 5702 5706 5710 5720 5724 5728 5731 5732 5735 5737 5740 5742 5746 5749 5750 5753 5754 5756 5762 5764 5768 5774 5775 5776 5785 5790 5796 5799 5801 5804 5805 5813 5816 5817 5824 5830 5833 5836 5841 5842 5843 5844 5855 5861 5863 5864 5876 5877 5892 5894 5897 5898 5902 5904 5914 5919 5920 5927 5928 5932 5933 5936 5942 5944 5949 5950 5951 5955 5958 5959 5963 5984 5986 5989 5990 5994 5999 6000 6002 6003 6009 6013 6015 6023 6026 6039 6040 6041 6042 6050 6054 6055 6058 6061 6064 6066 6071 6072 6073 6076 6080 6084 6088 6090 6091 6095 6098 6100 6103 6107 6110 6111 6116 6120 6122 6126 6127 6138 6140 6143 6150 6152 6154 6158 6161 6164 6166 6174 6175 6178 6179 6180 6181 6182 6184 6186 6193 6194 6197 6199 6208 6213 6220 6229 6237 6239 6241 6242 6245 6247 6250 6253 6257 6258 6263 6268 6269 6270 6273 6277 6279 6283 6289 6292 6293 6297 6299 6301 6303 6305 6307 6310 6313 6317 6320 6325 6332 6333 6342 6350 6352 6353 6365 6367 6373 6376 6378 6380 6381 6383 6385 6386 6387 6391 6394 6396 6401 6406 6409 6411 6413 6414 6418 6420 6423 6425 6442 6443 6445 6446 6448 6451 6455 6456 6457 6461 6463 6464 6465 6466 6473 6475 6486 6489 6495 6496 6498 6502 6507 6511 6521 6523 6525 6527 6528 6535 6536 6537 6538 6539 6541 6543 6545 6554 6559 6561 6562 6564 6572 6573 6574 6576 6579 6581 6587 6588 6589 6590 6594 6598 6600 6608 6617 6623 6624 6626 6627 6635 6637 6638 6639 6646 6650 6651 6652 6661 6663 6665 6676 6682 6690 6694 6700 6702 6707 6715 6722 6735 6739 6744 6746 6748 6756 6760 6761 6765 6777 6778 6779 6780 6781 6785 6786 6791 6796 6798 6805 6806 6810 6811 6812 6816 6817 6818 6819 6824 6839 6840 6841 6842 6843 6846 6851 6853 6856 6863 6870 6871 6886 6888 6889 6890 6892 6900 6902 6903 6904 6906 6907 6908 6911 6915 6919 6920 6922 6928 6934 6935 6936 6941 6944 6947 6951 6956 6957 6959 6963 6966 6967 6974 6977 6978 6980 6982 6983 6985 6989 6990 6993 6997 6998 6999 7004 7005 7015 7016 7026 7027 7031 7033 7036 7037 7038 7039 7048 7053 7054 7055 7056 7065 7066 7069 7071 7073 7077 7086 7088 7091 7092 7094 7095 7096 7098 7100 7102 7103 7113 7114 7115 7117 7124 7125 7127 7130 7140 7142 7155 7156 7158 7163 7164 7165 7166 7171 7173 7176 7182 7183 7194 7202 7206 7208 7212 7221 7223 7224 7225 7226 7228 7237 7239 7247 7249 7254 7260 7263 7264 7266 7267 7273 7274 7276 7277 7281 7282 7285 7292 7298 7302 7303 7304 7308 7310 7313 7316 7319 7322 7326 7327 7328 7335 7337 7338 7340 7341 7342 7343 7352 7357 7360 7362 7367 7369 7370 7374 7377 7378 7379 7382 7385 7386 7388 7396 7402 7409 7415 7420 7427 7432 7433 7437 7439 7440 7443 7446 7449 7451 7455 7456 7461 7466 7468 7470 7471 7472 7473 7477 7479 7481 7485 7491 7492 7494 7495 7496 7498 7499 7505 7506 7509 7511 7512 7516 7521 7522 7524 7537 7539 7542 7546 7548 7549 7550 7554 7555 7557 7561 7562 7565 7568 7569 7571 7575 7577 7580 7581 7583 7588 7589 7592 7598 7603 7609 7615 7617 7618 7619 7628 7629 7633 7636 7638 7639 7640 7648 7654 7655 7658 7659 7662 7670 7671 7678 7679 7680 7684 7685 7692 7695 7699 7701 7704 7705 7706 7708 7724 7726 7730 7743 7745 7748 7749 7755 7756 7757 7758 7759 7761 7762 7763 7770 7771 7772 7773 7775 7782 7783 7784 7785 7786 7789 7790 7795 7799 7804 7805 7810 7811 7812 7815 7827 7840 7841 7843 7844 7845 7847 7848 7849 7850 7851 7858 7860 7862 7863 7867 7869 7872 7873 7880 7883 7886 7890 7896 7899 7902 7903 7904 7905 7906 7910 7914 7916 7922 7923 7926 7927 7941 7942 7944 7945 7950 7951 7952 7955 7960 7962 7965 7966 7967 7971 7972 7973 7975 7984 7988 7991 7993 7998 8010 8013 8015 8018 8019 8028 8035 8036 8037 8043 8048 8049 8055 8056 8057 8060 8064 8068 8074 8076 8077 8085 8086 8098 8103 8106 8107 8109 8110 8113 8115 8118 8121 8122 8124 8128 8129 8130 8131 8134 8135 8137 8138 8139 8140 8141 8148 8151 8158 8165 8166 8167 8171 8176 8177 8179 8185 8192 8196 8197 8200 8205 8207 8210 8214 8215 8224 8229 8234 8235 8236 8239 8243 8249 8261 8264 8268 8272 8273 8284 8289 8293 8295 8298 8302 8306 8308 8310 8311 8312 8314 8316 8321 8322 8325 8326 8327 8328 8329 8331 8333 8335 8336 8338 8355 8356 8357 8358 8367 8368 8370 8373 8375 8376 8377 8380 8383 8385 8387 8388 8389 8397 8405 8407 8417 8420 8426 8428 8429 8431 8434 8440 8442 8443 8444 8447 8455 8458 8460 8462 8468 8470 8472 8478 8481 8482 8483 8488 8490 8493 8499 8500 8501 8502 8503 8510 8512 8518 8520 8522 8529 8531 8532 8534 8536 8538 8542 8544 8545 8546 8557 8561 8564 8565 8567 8572 8575 8576 8580 8582 8586 8587 8594 8597 8598 8603 8617 8618 8620 8623 8632 8637 8639 8641 8642 8643 8647 8649 8651 8656 8668 8673 8675 8682 8684 8685 8686 8687 8691 8692 8699 8704 8709 8711 8712 8713 8714 8718 8723 8724 8727 8729 8733 8735 8739 8741 8742 8743 8745 8746 8747 8757 8760 8762 8764 8771 8781 8783 8789 8792 8796 8797 8798 8802 8803 8808 8812 8816 8822 8824 8833 8834 8835 8840 8841 8849 8852 8854 8855 8859 8861 8866 8874 8882 8886 8887 8888 8889 8894 8897 8900 8902 8903 8905 8906 8910 8912 8915 8916 8917 8927 8928 8932 8933 8934 8939 8940 8943 8944 8949 8950 8951 8952 8956 8957 8962 8963 8969 8973 8977 8981 8983 8984 8985 8995 9000 9004 9010 9015 9016 9018 9023 9030 9032 9035 9037 9038 9042 9053 9055 9056 9062 9066 9067 9069 9080 9082 9088 9092 9101 9102 9105 9109 9110 9111 9112 9113 9114 9115 9123 9124 9130 9131 9135 9136 9141 9143 9145 9148 9150 9151 9152 9158 9159 9161 9162 9166 9167 9170 9172 9173 9176 9177 9180 9182 9184 9185 9189 9191 9195 9197 9202 9203 9204 9213 9214 9218 9219 9222 9223 9225 9233 9234 9235 9242 9246 9247 9248 9251 9253 9259 9264 9266 9267 9268 9270 9272 9277 9278 9279 9281 9283 9284 9285 9286 9288 9291 9292 9293 9294 9298 9299 9300 9304 9305 9307 9310 9311 9312 9316 9323 9327 9328 9329 9330 9331 9334 9336 9343 9345 9347 9350 9351 9352 9353 9354 9355 9356 9360 9366 9368 9375 9377 9389 9398 9400 9404 9408 9409 9416 9419 9423 9424 9427 9428 9429 9431 9435 9437 9438 9441 9442 9443 9459 9461 9462 9463 9466 9471 9473 9474 9477 9478 9480 9482 9483 9491 9493 9494 9496 9498 9499 9504 9505 9514 9525 9527 9530 9531 9534 9538 9543 9554 9557 9567 9569 9572 9574 9575 9580 9583 9585 9587 9591 9593 9594 9595 9596 9597 9598 9602 9603 9604 9611 9613 9619 9629 9630 9631 9633 9634 9636 9637 9638 9639 9641 9645 9647 9648 9649 9655 9663 9670 9671 9673 9674 9678 9687 9688 9691 9693 9696 9698 9703 9706 9707 9711 9712 9715 9717 9718 9719 9726 9730 9732 9737 9740 9743 9750 9751 9757 9758 9759 9761 9763 9766 9768 9769 9772 9773 9778 9780 9786 9787 9790 9791 9793 9795 9799 9800 9804 9806 9811 9812 9816 9819 9821 9824 9826 9829 9834 9838 9841 9842 9844 9846 9848 9849 9854 9857 9859 9870 9879 9880 9881 9886 9887 9890 9902 9906 9908 9918 9922 9924 9925 9926 9927 9933 9935 9940 9946 9952 9953 9955 9959 9961 9965 9966 9976 9977 9978 9979 9982 9984 9996 9997 10000
Time to process a range of 3000 elements with std::vector : 82147 us
Time to process a range of 3000 elements with std::deque  : 90807 us
